0.0
0.000061
0.098450
0.100836
0.107294
0.148414
0.149471
0.157034
0.166531
0.170787
0.181762
0.184254
0.181762
0.206682
0.207809
0.213114
0.213225
0.223256
0.223397
0.231504
0.238068
0.250277
0.252978
0.259396
0.262501
0.268887
0.270681
0.270743
0.279987
0.291580
0.297892
0.308544
0.310208
0.329156
0.337478
0.339184
0.340445
0.344860
0.354104
0.355111
0.355133
0.355300
0.358470
0.365850
0.370311
0.374870
0.382021
0.385436
0.388403
0.388770
0.391337
0.402950
0.404405
0.407296
0.420459
0.422107
0.425305
0.430054
0.432182
0.448176
0.450415
0.460880
0.462565
0.477179
0.486189
0.486696
0.490478
0.490878
0.492491
0.493272
0.493799
0.496612
0.499533
0.499783
0.500436
0.507026
0.515492
0.516511
0.523079
0.530405
0.530692
0.535451
0.541167
0.544611
0.544923
0.546332
0.548363
0.549145
0.550328
0.551546
0.554987
0.555320
0.555486
0.562944
0.567238
0.567841
0.568934
0.569769
0.571001
0.575843
0.576299
0.580679
0.583850
0.594998
0.597669
0.599085
0.604170
0.606521
0.607098
0.607731
0.608741
0.612065
0.616419
0.617343
0.625221
0.626124
0.626185
0.626259
0.628108
0.630046
0.633743
0.635763
0.635987
0.639878
0.645670
0.653653
0.657694
0.658010
0.663535
0.663702
0.664856
0.665630
0.666120
0.677438
0.681515
0.685990
0.687314
0.691572
0.693938
0.695910
0.697292
0.706869
0.706912
0.707041
0.707361
0.709691
0.711334
0.716641
0.719996
0.734145
0.734971
0.735821
0.736844
0.736960
0.737219
0.745957
0.753737
0.761135
0.762886
0.763937
0.765200
0.771597
0.782439
0.782799
0.787534
0.795623
0.797443
0.801129
0.805790
0.808457
0.821690
0.847175
0.855407
0.870933
0.874243
0.875475
0.875694
0.878289
0.879402
0.888782
0.897495
0.906320
0.908112
0.912517
0.915839
0.916279
0.918935
0.924939
0.926410
0.953641
0.955625
0.966890
0.968274
0.973400
1.0